8
FJ750957_Marburg_virus          0.0000000 0.2515982 1.4546939 1.0725445 1.0951150 1.0761654 1.3783860 1.3936378 
FJ750953_Ravn_virus             0.2515982 0.0000000 1.4173339 1.0963292 1.1172436 1.1071342 1.3688802 1.3895789 
MH121169.1_Sudan_ebolavirus     1.4546939 1.4173339 0.0000000 0.6525051 0.6666154 0.6575184 0.7760809 0.7898605 
KT357840_Zaire_Ebolavirus       1.0725445 1.0963292 0.6525051 0.0000000 0.0305044 0.0009513 0.5237562 0.5171815 
My_sample_DRCongo_2017_outbreak 1.0951150 1.1172436 0.6666154 0.0305044 0.0000000 0.0304770 0.5362843 0.5304080 
KT725373_Zaire_ebolavirus       1.0761654 1.1071342 0.6575184 0.0009513 0.0304770 0.0000000 0.5294504 0.5231415 
KC545395_Bundibugyo_ebolavirus  1.3783860 1.3688802 0.7760809 0.5237562 0.5362843 0.5294504 0.0000000 0.4587170 
KU182910.1_TaiForest_ebolavirus 1.3936378 1.3895789 0.7898605 0.5171815 0.5304080 0.5231415 0.4587170 0.0000000 
